7
0
0
0
0
3
43
124
141
315
9
411
29
105
59
70
2
221
307
0
155
40
22
240
196
439
396
49
114
4
146
151
20
1
369
19
42
24
15
37
268
137
5
86
139
369
174
46
253
126
126
96
39
17
388
238
382
114
254
355
9
233
49
255
79
323
7
160
38
14
1
45
71
422
76
91
17
17
51
77
0
48
70
133
434
71
276
332
392
260
7
3
21
202
237
272
0
6
158
88
215
243
222
326
29
330
9
79
159
78
16
72
122
2
375
34
3
14
24
290
1
228
336
233
126
316
21
40
5
138
298
26
223
25
226
396
182
0
0
208
229
4
126
263
170
131
466
490
2
2
34
162
55
114
193
0
226
345
23
304
303
337
13
345
444
34
17
328
367
287
34
325
340
349
12
306
20
95
0
430
116
108
304
263
366
196
348
0
15
23
91
146
70
31
299
0
58
1
33
8
