3
0
0
0
10
351
60
833
57
532
0
556
64
674
108
870
1
184
4
8
513
275
674
174
876
420
562
426
686
344
586
282
4
131
557
139
554
530
33
206
161
66
195
118
372
52
61
686
259
778
4
351
121
36
66
52
261
561
123
36
715
24
374
27
709
7
722
218
344
497
286
138
20
233
328
246
0
139
829
778
281
462
283
333
3
191
5
754
226
238
427
391
538
3
378
577
21
88
73
655
396
31
461
9
592
285
43
295
32
255
138
404
370
561
474
307
669
205
460
176
708
99
9
270
358
520
300
292
341
441
139
736
663
469
499
63
68
507
645
39
0
734
168
142
656
93
123
88
305
743
372
110
621
302
224
2
713
341
339
70
84
66
6
565
7
420
502
348
16
663
132
7
547
538
654
110
8
14
221
93
552
49
832
149
579
85
306
3
138
91
160
548
108
66
5
498
8
442
145
190
