3 1 2 5 4

1
1 2 3 4 5
5 4 3 2 1
-36 -47 44 -15 -19 -22 -33 44 -37 36 44 19 -39 25 4 -46 -47 -39 -23 -21 14 27 -47 21 -25 41 33 39 19 3 -22 7 25 -15 -50 47 -30 39 4 -7
-31 -23 47 -7 -37 -39 -2 -38 -5 -6 27 -17 -45 43 8 18 -35
-2 -40 20 -13 30 29 -4 23 -26 40 -42 -45 34 -21 48 -13 -40 -21 -38 -2 -15 8 31 -4 -30 -3 -5 -24 35 -16 39 37 32 -41 27 31 -29 18 43 -19 -30 9 -2 -16 31 38 21 -22 37 -9 48 49 -43 -21 -46 -10 1 -16 -42
22 41 -10 -23 33 13 0 32 8 -32 -17 -33 -19
21 18 -17 45 24 4 24 1 -4 -22 -33 15 13 -39 46 -44 -36 -31 30 -30 37 4 26 -42 -1 -2 26 9 17 -18 20 -49 37 42 -36 37 18 46 -16 48 32 -7 -36 -13 5 -30 8

42 -17 14 47 -28 14 -37 30 -12 31 14 27 -25 -31 -3 47 -30 19 49 17 -50 26 -9 12 -48 -36 -4 -11 -20 -43 -20 22 -40 -40 43 12 -42 47 18 48 -34 -34 34 10 20 -29
17 27 4 -23 19 46 43 38 -25 41 -11 1 35 33 -3 6
16 7 -35 -19 -22 -42 -7 -48 25 20 -21 25 -22 -50 -41 40 30 -43 -21 -42 -46 -8 -41 15 -20 -15 35 12 -23 19 -34 42 23 23 10 -19 50 10 2 -26 -38 -38 34 5 -5 4 2 9 43 -44 36 33 32 -38 -43 1 43
-37 -19 -26 -26 18 7 -33 4 -27 -15 9 -19 -41 6 20 -38 -44 33 19 -49 -39
46 -20 -29 2 12 11 -23 1 -43 -29 -2 -50 -1 -17 50 50 8 -14 4 39 43 50 21 34 41 12 -31 -26 -13 -23 -43 24 44 19 -43 45 -10 -43 -44 24 11 14 17 -30 -43 15 -40 -27 -42 26 -42 36 -20 1 -35 22 -19 24 26
29 -40
34 24 22 16 -10 -17 -24 35 41 -10 -20 -17 0 -34 35 32 -12 8 -10 46 -41 -49 8 29 22 -38
18 -23 14 -17
-6 -42 -19 -3 -14 -30 6 19
-12 28 33 17 -49 35 20 -12 34 -37 -33 -17 -36 -37 45 20 -31 -16 -14 27 -24 41 -7 -24 37 31 -17 14 12 -18 -44 -39 31 4 -15 -45 -50 -8 48 -34 31 -17 -30 44 6
40 4 21 -49 -36 -41 38 -31 19 -46 -3 24 20 -32 5 -34 -45 -11 -4 -45 -5 -24 37 -19 35 -37 -5 49 21 2 29 45 -31 -20 -30
-28 2 -47 -28 44 -8 50 2 35 44 -19 -16 -30 50 39 -37 -2 -46 10 -22 -25 8 -6 -11 -21 -22 -47 34 -26 1 -8 -15 -42 48 -15 -6 32 15 1 36 18 -8 -47 -36 -17 -28 24 -17 -46 -37 26
-6 43 50 -10 5 27 15 -36 -1 23 -26 -18 -45 40 5 -50 16 18 37 42 44 44 35 -25 -4 5 -42
35 -8 29 -10 34 -35 42 -12 14 -11 35 2 -9 1 39 -13 20 -34 -26 3 35 -2 36 45 -28 28 22 -12 1 20 -50 -12 -14 -24 5 50 24 27 33 -9 9 6 6 36 -23 15 10 44 -29 34 -40 -14 15 34 31 29 -8 -39 46 -20
-11 -22 -25 -32 -47 -45 -19 10 28 48 -41 8 3 30 23 -26 41 39 -1 13 1 -19 -32 33 38 -50 46 48 -37 49 4 -22 -28 39 16 9 -44 21 -19 -35 8 -33 9
17 21 26 -10 46 6 28 42 14 4 20 7 -30 45 10 7 -17 46 -19 31 -15 48 49 16 12 30 -20 -15 6 -41 41 -14 -20 -16 -8 -10 19 -40 -33 -31 -21 -1
-31 40 -23 -42 3 2 -8 19 9 3 -43 -24 3 -1 48 24 39 -48 47 23 -2 11 -50 -5 -12 46 -1 3 18 45 44 19 27 -22 12 -22 -16 5 12 -47 -1 -7 35 36
1 42 -29 9 -34 29 18 -47 0 25 22 34 -47 -40 32 4 -33 9 -27 -44 -17 -2 -9 -23 8 -9 -7 47 -2 -15 46 3 -18 -40 10 -48 45 19 -44 -6 -22 33 -42 49 33 -45 46 -47 -19 -25 -48
-31 -20 -34 10 35 -36 22 -23 9 39 -18 48 -3 -29 27 27 45 41 -36 49 -30 -11 -37 24 -47 -11 23 36 -2 0 41 -25 -41 25 38 30 -19 -37 39
-12 37 26 -35 22 50 -45 -6 18 4 34 -3 -42 14 32 -7 -49 3 12 -37 5 -4 31 8 40 -31 5 -28 43 16 33 -16 28 18 49 11 9 5 43 25 -16 -9 -19 -39 -15 7 -19 46 9
28 35 -2 -7 -47 13 -9 -27 12 -23 -5 -17 -7 -15 26 39 -15 21 -49 16 -26 -40 -20 42 2 12 21 47 -20 38 10 32 41 12 7 -48
-13 -22 1 38 -19
34 24 -3 10 20 17 -6 4 45 20 -8 -5 39 8 -16 -11 -18 -21 -35
-26 -10 -35 45 18 47 38 -27 -26 -23 44 11 -15 42 25 47 17 26 -14 -38 -26 -13 -21 -4 -28 -12 -49 40 18 -34 -15 -45 -44 20 -13 39 -34 31 46 12 -37 -49 23 -14 10 11
-7 -27 -44 -18 11 -36 -42 1 12 -41 23 30 37 -44 -31 -31 22 -12 -40 -19 -35 21 47 3 27 26 29 -22
16 -2 7 6 -12 25 4 -11 22 29 -43 28 44 -38 47 -24 30 -23 -17 34 -40 -30 -20 -28 20 -41 -30 -50 2 7 38 26 10 -13 -46 -21 -14 40 -14 39 8 -41 37 -21 -17 50 30 25 34
-25 4 -36 19 -22 32 -31 -16 -32 -41 -43 -29 -11 26 45 22 -14 6 -35 9 38 -12 39 1 -16 14 19 13 6 -40 26 -45 5 44 -9 27 -18 -47 -39 -21 36 23 25 -48 47 36 -16 23 -45 47 46
10 16 33 6 -15 -27 24 5 31 12 -39
-6 2 -8 -9 35 -37 -30 -8 2 38 13 -14 34 1 47 20 -46 8 -39 -10 -18 -9 -36 48 1 15 -50 34 19 9
-44 -26 16 -4 29 46 13 30 6 47 -44 -24 -16 20 -34 -14 6 39 12 -35 -47 30 27 -20 40 -30
20 -49 20 2 -39 -22 -36 9 -35 32 -31 13 41 -13 15 40 -16 3 11
-19 8 20 -32 -1 -26 26 15 45 -33 -42 -15 48 3 -7 50 14 -16 -50 -14 42 -12 25 24 34 12 -31 7 18 11
-8 20 47 19 -2 8 -9 -26 39 -20 23 -1 -21 49 2 -45 -10 45 10 40 -2 -1
33 -31 13 -46 -34 14 25 -8 -38 6 -38 17 8 -49 42 -32 2 33 -31 -41 10 50 -17 -7 29 38 0 33 -40 -8 36 18 -2 -10 30 41 47 12 19 -46 29 -42
30 37 -14 -21 45 -39 5 -38 47 31 40 -38 6 -29 38
-47 -45 -9 -43 -13 -5 -3 5 -32 -19 17 2 22 37 -27 -29 -28 -40 28
-2 29 37 -20 13 24 -32 -21 9 31 -18 8 -18 35 -49 9 -14 36 19 -30 -41 6 -6 25 -12 31 4 38 -18 8 -12 -25 -1 11 -37 -20 -2 23 -5 23 -13 39 -13 -48 34 0 -15 -49 22 37 49 45 -44 27 45
-14 49 -21 27 -5 -22 31 -26 29 -18 36 46 42 48 34 37 -33 30 -38 30 32 -45 -11 50 6 -46 24 -4 43 -34 -39
-13 -9 45 3 -28 -25 -34 50 19 -4 17 14 -16 -29 -18 11 -13 45 -7 -36 9 -41 -32 46 -22 36 42 36 0 21 -4 -39 0 -49 -17 18 -35 8 -3 36 45 36 -17 24 -2 31 -3 -37 36 -21 10 -47 29 21 -9 28 -22 32
31 9 39 -12
2 -36 -33 -45 -46 -12 13 -36 -38 -20 18 -33 -1 8 -3 35 45 39 19 3 25 45 43 -31 3 33 -38 12 28 2 -15 -46 38 -3 -23 6 6 -20 -4 -38 37
19 32 -5 -43 0 -15 -26 -35 8 -39 34 -23 32 31 26 -48 -44 50 -8 -19 -34 50 22
-42 47 20 -24 25 -23 -21 -8 49 -32 50 26 -50
-32 -34 19 -18 -28 -36 34 -47 -34 -49 -5 50 -20 25 -9 -48 -28
-44 -34 44 3 17 -36 45 -42 10 7 49 -4 15 25 -37 7
-22 28 -45 43 50 34 16 -12 8 32 -47 -43 11 1 4 37 -37 12 41 6 -41 -40 -9 27 -32 -42 -34 -15 29 31 24 20
-9 -2 26 17 -13 8 14 27 5 -38 39 -36 33 33 48 20 42 -23 5 7 -21 2 -7 8 1 3 43 -38 -10 4 -10 35 -18 -3 -31 37 10 -42 -39 -40 -39 5 -38 45 44
-34 21 -43 25 21 21 -8 35 -35 2 -5 35 46 4 42 -44 -14 26 -11 -5 -37 23 14
-31 34 11 -22 -37 -6 21 -3 -36 47 -15 23 -22
4 21 48 29 28 36 32 21 -47 27 34 38 -16 -47 -27 -16 39 47 -11 -7 -6 -50 -27 -32 22 34 1 -42 -32 44 31 -47 -39 45 17 -23 -2 3 8 -7 -30 -3 -11 42 -9 49 22 26 -40 -44 -31
46 29 -44 36 -40 -16 6 34 4 12
6 3 -16 -23 46 15 -36 -6 5 -36 -14 36 36 25 12 17 35 -11 -45 -22 0 26 -43 -50 -24 -12 -23 48 -33 47 -18 -13 -9 -35 -50 13 45 5
-34 -2 18 40 -21 14 21 35 -5 -41 0
44 -45 5 -48 8 -41 -10 23 4 23 1 40 31 3 -13 -36 1 -48 -9 -29 29 8 38 -4 -39 5 -37 -19 5 25 1 17 -40 0 -11 45 -7 -22 -8 49 -29 -41 15 31 -36 17 15 -26 49 -6 -6 43 32 -32 -20
-32 -18 -25 -28 27 -31
47 33 -41 -28 48 30 13 9 46 22 47 24 7 37 22 32 31 29 -9 30 -10 -31 6 -42 10 6 30 -12 -15 25 -43 -5 14 -41 -11 9 7 -46 -43 -3 -14 -41 32 -39 28 26 14 -1
24 20 44 -45 7 23 33 -26 -9 27 10 14 -31 -43 7 -37 -7 41 -40 14 32 -28 -45 -19 40 6 6 17 16
-30 -4 -3 -14 -1 2 49 -7 36 26 -44 30 32 -8 -42 -8 -38 21 36 -1 -14 -18 42 34 27 -31 -8 -40 24 34 -32 -6 -11 33 39 34 0 -34 26
-40 -11 21 -2 32 -8 -34 35 39 44 37 17 -39 32 35 4 15 -4 -48 -4 -11 -27 -23 -7 48 12 -26 -22 -33 -31 -41 -13 50 -38 14 48 19 44 17 -46 34 -7 48 29 -34
-2 -31 -30 -27 38 48 29 -29 42 6 -45 2 -4 36 42 -20 6 28 -14 46 45 50 7 -21 18 -20 -11 50 10 -26 -3 36 23 6 9 48 -14 49
14 17 3 -30 -25 27 -33 -18 -44 32 11 -3 20 -37 41 16 -35 -14 -40 47 -30 -16 7 15
5 -39 -22 7 -6 -47 3 -44 0
-3 -20 -1 -40 -3 -22 -47 -10 -38 41 33 -8 -32 -33 -46 -14 10 39 -33 47 40 10 7 28 -50 -40 -48 -18 -23 -31 20 43
17 4 -36 49 -14 -20 -12 -35 -44 -20 3 31 29 8 -42 -36 13 26 18 -48 30 15 23 -20 41 -32 -13 4 -50 28 -5 -20 23 3 -27 35 35 -40
-4 -42 17 19 14 50 14 20 -48 -1 10 -45 31 -1 -3 -18 45 -48 -5 50 -42 -6 -20 43 34 30 -37 48 24 44 46 -8 -33
-5 19
32 -28 49 37 9 39 11 30 -27 -33 -42 41 49 8 -46 -13 -25 -45 -25 -45 -10
-11 15 0 19 10 -18 -46 46 32 -26 -14 -5 49 -44 33 -8 -16 -35 -3 5 1 45 6 -1 -7 -27 13 38 13 -3 16 -16 -40 43 4 -40 5 27 -27 19 -13 -9 -37 -40 -9 34 -13 -11 7 27 41 4 -29 38 6 -6 7 -45 43
-5 28 5 -15 31 -43 -41 35 31 1 -4 15 45 36 -30 -47 -32 27 36 50 6 -46 -34 -42 -20 49 32 -4 -4 -1 22 -46 27 -31 36 7 -3 -3 6 47 -41 23 -33 17 -4 0 -10 33 -15 -19 -36 -47 44 -27 13
-1 21 -35 -17 49 -17 40 7 -23 28 -14 38 12 -25 -35 -33 -41 7 -28 41 6 -39 37 -10 35 -6 40 -42 20 19 -13 -12 -30
40 39 31 -28 -4 15 -22 -35 -25 -33 -20 13 -47 -4 20 23 -3 9 20 -34 28 -39 -42 -11 0 41 42 11 17 2 48 2 23 -41 -34 -10 32 -41 7 9 37 16 -6 -34 49
31 25 -27 48 -34 5 14 -43 -35 16 -31 -12 -29 -30 -9 40 -22 -6 16 -14 -40 -18 -25 31 20 -15 -34 30 -12 28 18 -39 14 32 -29
24 -31 -29 34 29 42 27 -7 22 -45 -47 -40 -45 32 48 23 -17 33 -24 48 23 3 29 31 -47 13 30 19 -13 32 -12 11 -19 37 1 -12 8
38 -43 -30 6
11 9 -24 -7 27 -32 -10 41 -10 43 -6 1 -34 47 -3 15 21 -37 -10 -20 9 -35 -16 7 -19 -32
-44 -13 -1 28 3 -19
-30 -9 23 42 -10 -26 47 -30 13 15 9 13 -11 13 -48 -39 0 14 8 -20 -23 24 -5 -44 -44 -14 13 26 33 36 10 -14 18 -49 -37 5 -33 -17 43 -4 47 1 -4 -45 1 -44 22 21 -26 -4 20 -14 -41 -1 14
47 20 -15 29 37 28 -35 -34 -38 0 -3 -7 21 -4 46 -32 -25 27 15 1 14 -45 -45 -46 -33 41 -8 10
8 -31 27 15 -33 -9 28 -10 -30 0 28 44 -12 25 -7 14 15 18 12 40 22 -12 10 -48 -3 -8 36 -36 3 24 -11 42 38
-47 26 10 -17 33 50 49 24 23 -21 42 -44 24 11 -29 17 30 42 29 49 -2 -32 37 -19 -46 23 39 -36 -26 -48 6 -10 3 -31 2 38 -24 2 14 49
10 44 43 -43 40 -33 16 -24 21 -9 34 11 17 -2 -10 -28 8 18 -7 19 -5 36 48 42 37 32 38 -17 28 11 -26 -19 -15 21 -12 -22 -12 48 -14
-24 38 40 12 -10 11 -6 21 42 -15 -14 -35 23 36 19 -2 0 -6 48 -32 -13 -45 -14 41 -40 -6 6 33 -18 45 11 -23 -25 18 -16 21 39 -16 -33 -37 28 44 25 -20 -19
35 17 -22
-21 -44 -38 2 -8 41 10 -38 37 48 -33 -50 20 -30 2 33 10 11 33 -25 46 -14 -9 -14 32 -43 48 -39 33 23 -21 18 44 42 -46 -28 3 -28 -46 0
13 -27 45 -13 -46 -49 -12 22 27 -37 -8 -14 8 32 19 17 13 -33 14 9 -16 -26 -36 -8 -30 43 8 32 -18 41 -27 -49 44 -7 -13 22 36 46 -26 -28 28 31 1 4 15 -9 -39 1 35 -38
-33 11 -9 -19 -50 -17 -1 -20 7 46 -16
-12 24 42 23 -49 -17 33 -4 38 -20 -43 35 -35 9 -11 -30 1 37 14 40 48
38 -35 31 -13 -3 28 -22 -22 -33 11 -31 8 45 27 -3 3 39 20 10
18 35 -23 47 -19 37 46 26 50 -40 17 7 17 40 -4 -41 22 -36 -43 20 14 -25 23 18 -31 -29 -9 16 6 -36 37 -24 41 24 12 -39 15 7 -43 8 -34 15 3 8 22 -43 21 9
-11 42 -48 0 -18 -50 45 -23 24 -41 -45 4 -6 39 -42 19 -43 -42 10 -46 -14 2 -27 48 -33 48 32 43 32 3 -3 -2 7 -2 -2 -40 37 34 19 -33 33 -6 -35
18 0 17 -34 43 -22 -50 46 -48 -12 9
42 19 4 18 -2 -21 -19 8 -6 -31 -15 -26 42 47 -36 -46 34 3 28 48 -48 -20 -24 -42 -38 26 -46 7 26 36 40 -44 -19 44 -45 1 6 -21 19 -23 46 49 -43
14 -13 -21 43 23 -10 23 26
36 -9 -20 -12 -32 34 16 -22 2 -12 -15 -43 21 25 44 -28 30 36 4 21 13 -44 -6 32 35 -2 50 17 -10 39 3 2 -31 -12 -2 -27 46 18 10 -20 -22 -12 40 -32 9 -43 21 2 3
17 -33 -1 -19 -18 -24 -8 32 -40 7 -3 -39 18 42 -26 -44 -16 -2 36 27 27 -45 -41 -26 47 25 42 35 21 -23 11 -24 -8 -12 -49
-26 44 -35 45 46 11 -19 39 27 40 -24 0 -20
-9 49 -14 -2 9 18 33 -5 -11 -17 -4 15 13 9 -38 42 10 47 -10 -24 -3 -10 2 -45 22 -22 44 -32 -48 -17 20 24 24 42 3
-31 -25 -8 -21 -2 22 -19 13 20 33 37 -7 -18 47 12 42 32 44
8 -29 43 -5 -29 -33 42 19 12 -27 19 32 -43 17 -46 -41 35 -44 47 -50 2 -33 30 -21 -42 40 -31 -49 -23 14 8
-43 29 31 35 28 11 34 12 -48 -50 18 20 2 -49 -48 17 42 -15 18 -14 -48 14 39
5 -28 -37 -38 17 -31 -20 -26 29 17 -18 -5 -16 0 -40 -3 1 8 22 -19 39 -22 -12 37 -40 33 33 47 -46 -39 1 -2 -2 20 10 -43 31 -49 39 -29 -40 13 5
50 -8 22 -38 17 -45 -21 -23 38 22 10 -16 -45 -41 37 -15 19 22 34 -46 -28 -10 -48 -24 25 -32 46 41 0 -41 -12 -30 22 -20 22 -1 36 19 -8 -1 46
-33 38 42 -40 14 45 -6 -44 -38 5 -21 -41 -7 27 48 28 26 0 49 -9 -47 31 -16 50 7 12 -21 -5 20 -2 5 -27 37 24 34 -2 -40 48 29 -13 -19 41 -41 -40 -16 -31 -2
50 31 -31 44 -1 -10 -4 -37 -39 -50 -11 6 -4 47 -16 -37 -34 -39 -27 5 7 21 21 15 2 -37 -47 -39 -5 20 -39 26 26 50 -9 -1 -49 -13 2 -1 49 -40 42 21 -19
16 -29 37 -2 -29 -33 -16 -12 -16 13 -32 -42 -29 5 -15 3 -12 11 50 -41 -4 -18 -19 42 30 13 26 28 -25 8 -37 -33 -12 -50 0 -8
29 -2 -8 6 -8 5 33 26 -33 -12 -9 27 38 -25 11 -10 -28 0 -10 -13 44 38 31 12 23 50 -19 -9 -2 -15 50 0 -4 -36 22 -25 25 19 -27 37 48 20 -47 43 9 40 -24 6 -13 38 -42 2 36
-33 31 -12 -20 -18 34 -31 41 4 -2 -41 7 26 11 24 1 18 14 38 3 19 -46 -4 39 18 26 31 -40 -37 48 -19
35 -5 -29 32 28 -45 22 32 36 32 1 46 -8 5 -37 -49 -38 -17 -22 15 45 16 21 24 38 23 -22 7 -3 0 9 48 36 25 38 14 -31 -6 -47 11 -37 -13
-40 -36 43 -32 -6 -11 -7 8 50 -24 16 11 -6 10 -38 6 42 39 7 -10 -42 -12 -45 40 -36 -48
-7 32 -37 36 -29 44 -19 16 -28 20 -30 -8 21 4 9 -21 1 30 -27 -27 31 34 5 0 -47 44 28 -25 7 25 4 -1 -50 40 -23 -24 -15 46 40 -42 23 -37 18 -27 -4 -9 -25 8 -36 -17 35 12 17 31
26 -1 28 0 25 -36 -6 -5 8 29 -28 36 40 -12 28 25 -40 36 -33 -10
-20 -11 -36 -27 -3 38 -32
-1 3 26 -33 23 -1 4 -27 12 31 18 38 32 -28 21 -29 12 -14 -33 -27 -10 7 29 -44 -5 -49 12 -33 -26 -1 21 14
13 2 37 12 3 40 6 12 -29 -40 22 -47 47 -22 -13 -46 -15 -22 18 -14 -29 49 8 22 45 48 48 13 20 15 -36 23 -36 -16 49 19 -4 19 46 -45 47
6 19 -23 4 -37 44 33 46 -19 -12 -46 7 -17 -6 -39 6 -35 49 -20 -24 44 25 38 -6 40 28 30 4 -29 28 -33 50 -24 -24 -43 22 -6 18 -15 26 18 -29 -9 40 -13 -13
-16 15 36 -38 -33 46 50 2 -43 -15 33 -34 39 -34 -19 -32 41 -9 -19 47 36 0 12 -32 23 30 -16 30 3 -2 7 -41 31 48 -39 1
45 -15 38 -3 8 12 -9 24 -50 49 43 -39 43 8 31 35 39 -5 -42 18 0 -23 4 -23 13 -16 -9 -14 -7 20 23 -34
12 50 -7 37 47 -44 -45 -38 30 50 8 -48 -35 -30 6 8 -50 4 -25 38 -34 33 -12 -30 -15 -39 33 -4 -18 -40 -3 35 33 -29 -44 0
-11 42 39 46 -21 4 33 -39 40 -38 -50 -23 11 -41 -34 25 -22 16 37 6 -49 -49 39 -7 -35 4 38 -34 11 -41 -21 -1 -39 43 -37 -37 -10 -3 -12 -33
49 46 -33 32 36 -32 -42 17 22 -49 28 33 -29 6 -6 42 -23 30 45 -31 2 28 37 6
-23 -39 -38 -33 46 -35 25 43 -1 -6 4 -10 -33 -19 -15 32 -40 -19 20 26 26 42 27 -14 49 38 -47 34 -12 -24 16 27 15 -26 45 0 -13 32 -44 50 -20 13 -1 -36 -20 13 31 26 -41 17 -49 -4 -10 -34 -1
22 3 -4 19 37 -28 47 10 48 -41 -48 25 -42 -49 -17 -23 -45 -43 0 14 -14 30 41 14 48 3 4 39 1 -40 31 18 18 28 -31 -15 -40 -11 -40 15 -24 -31 18 -9 0 25 31 47 33 37 32 -42 -11 39 5
-20 -43 -19 -39 5 -36 8 28 27 -43 -11 35 44 34 44 -28 -35 -49 40 -33 39 -49 -30 13 -6 16 16 50 42 -17 -29 -3 -34 45 49 -16 43 -35 48 -47 -8 4 -16 17 -42 -17
23 30 -41 13 8 15 -4 -43 13 22 -29 -3 -30 -18 48 -37 23 36 42 -36 -21 44 15 -50 -45 -49 -19 -45 10 -4 -1 -31 -28 -46 20 41 44 33 3 -22 -9 -19 3 42 -10
-41 23 -3 -35 14 36 -44 -28 -22 16 -45 1 -42 9 -14 49 -11
-39 20 8 -49 -3 -25 -13 22 50 -12 44 29 -19 9 -3 25 13 48 49 -25
19 47 -19 -31 -50 2 -47 -21 19 -6 31 38 -49 -8 -50 47 34 -2 44 43 -11 -37 -24 17 -20 3 12 -43 -32 41 -15 -39 -45 -21 16 2 39 -3 8 45 -40 24 -38 14 -33 31
0 -41 25 22 -43 5 34 -34 -20 -13 -17 -10 0 39 44 -9 -10 7 -16 -21 -41 -25 -33 49 48 24 -37 -31 -37 -29 7 9 -10 2 -35 18 -5 48 -24 7 -11 9 -17 -35 -39 -30 37 -12 40 39 27 -45
-9 -32 -39 41 -19 -5 0 15 -44 36 -12 -17 -28
1
7 21 45 20 -19 -38 9 -37 -33 -35 -49 -43 49 -22 -34 -25 1 -3 37 30 32 -40 24 25 -17 -41 -48 -42 -25 32 6 -34 -39 -8 -35 -45 9 -44 -29 23 5 42 0 13 -47 -2 37 4 -28 -5 -23 -27 -15 -15
-31 -46 28 29 28 -19 32 -13 13 2 20 11 -43 -39 -15 -1 -33 3 -25 32 17 -19 30 19 -48 -2 50 41
11 19 50 12 -6 22 14 -9 -1 -16 -27 -47 -10 26 -22 -47 49 -15 -43 10 17 -5
24 -21 -30 -38 -19 34 -20 -16 18 44 -43 47 -22 23 -1 -5 -28 -28 -20 25 -10 44 39 -5 25 -47 40 39 -5 22 22 -32 22 -26 13 19 -11 -28 12 -46 -39 -43 -21 27 -22 -48 17 11 -50
28 -25 -34 -7 41 -28 -9 -43 -48 -32 25 40 -32 49 -36 17 -4 -41 -3 40 34
25 -38 -7 -12 -9 -33 -30 43 5 31 12 33 -10 -28 40 21 38 28 50 -5 -22 35 25 -28 -2
43 38 -13 -34 -28 43 -50 39 23 0 48 22 -46 -27 27 -10 28 -22 31
-37 13 -32 -8 45 -41 -20 -6 -10 -29 31 -39 40 35 31 43 -8 7 -49 -17 -24 -19 38 -42 -6 -18 50 -37 42 -50 -44 -1 6 43 3 -29
2 13 -2 -6 19 -2 -38 11 50 23 33 47 37 -22 -30 7 -41 -46 -13 -48 -10 -17 -37 -41 -7 -29 -2 -30 43 -41 20 -39 -7 26 28 11 40 -47 5 33 -29 27 5 -30 -44 -38 -8 -24 -26 2 39 20 42 43 19 -17
-14 -12 -20 -38 -44 0 23 20 12 -31 -44 -4 -50 4 -39 -13 34 30 26 11 -25 -38 -47 -24 -29 31 -13 -40 10 -36 -11 50 0 10 12 34 -17 -39 32 19 -1 -27
-2 -3 -27 7 -45 -17 6 9 -17 -22 -16 22 -43 -31 46 39 35 -38 -40 35 -6 19 2
25 -21 20 -43 -1 16 3 18 37 10 23 -20 10 -12 -40 0 41 -46 14 23 16 23 36 29 -32 -35 46 7 -28 -29 -23 -26 -34 -45 4 -40 37 5 -25 30 -32 26 -17 -10 43 -42 -39 -1
0 20 -9 -15 16 8 -49 50 39 29 25 16 50 3 -36 3 -31 -32 22 25 24 47 -38 -37 22 49 -38 50 -14 18 -6 2 -17 -1 33
23 27 10 -46 -28 -15 1 -32 29 27 37 38 1 -46 0 -8 38 -20 -44 45 10 -16 -3 -48 -7 -12 -11 -15 12 39 37
-21 -33 -12 45 6 49
-9 -16 43 3 27 32 -39 -26 6 -23 2 44 12 47 16 -3 -43 15 -30 -42 -11 40 14 1 -33 49 17 22 -47 -28 -26 -25 -43 -19 -46 8 -44 -4 40 -25 -15 -3 9 14 0 31 -35 37 -47 -20 -3 12
7 -28 10 25 20 -6 -6 -30 -17 45 38 -39 -14 -47 -1 -44 -30 23 49 -23 -22 32 -22 36 -24 -16 33 2 15 -48 49 48 37 -49 10 -34 32 -28
-49 -22 -18 27 -11 41 40 32 -15 4 -2 -6 8 -18 -23 9 -12 36 16 29 0 24 -37 -50 15 34 -3 21 32 26 27 -14 -12 37 -37 11 -42 -7
31 -9 -15 -17 33 41 33 -12 -26 -31 16 47 -20 -43 26 1 34
37 -33 42 -47 33 13 -13 -17 3 1 -1 44 -46 24 40 23 -26 -7 42 41
37 18 31 50 10 35 -5 14 -12 -29 34 21 -27 -13
10 -34 44 -17 42 21
-27 37 -8 33 -39 -22 -5 -22 45 -11 3 50 -8 -3 -17 24 -13 9 -35 10 -44 31 24 24 29 -41 10 -26 14 -35 37 -2 17 -12 2 -44 -31 -33 -25 -7 2 22 8 -32 -10 41 -27 49
12 -8 30 -28 -10
-43 -50 7 -15 -24 47 49 -29 23 47 -30 12 50 47 49 -39 -34 28 5 31 4 1 4 11 -1 -50 -46 18 -25 43 -3 -49 -9 46 17 -26 -48 36 -50 30
-19 -22 38 -6 -11 -34 -37 -1 14 25 -11 -29 -42 -45 -12 -13 8 43 16 26 17 -7 5 37 -33 -7 12 -5 46 -26 -29 1 -48 -21 -22 43 -34 -23 43 -48 25 14 -29 -35 -4 41
-46 -2 31 -18 48 18 29 -44 26 -44 34 -37 33 -48 -44 38 -36 3 6 -2 -35 20 -18 10 39 -31 -24 38 37 30 -49 -12 3 34 -38 34 16 -16 29 27 39
3 -37 15 42 29 -35 -14 -36
-37 13 -25 27 -25 49 -17 16 -25 -5 40 2 -13 -30 -45 20 13 -24 38 11 -8 -20 -50 -49 35 -39 -36 23 35 13 -31 -39 49 15 -41 42 42 -38 -18 32 -21 8 -13 -17 9 -44 -38 -28 -45 -13
36 -10 4 44 -36 -38 47 -45 -49 -33 34 32 -29 -8 -5 6 29 -16 43 -39 -3 -7 -27
1 1 8 -16 -1 38 11
3 33 -29 -36 -34 39 42 -43 -30 -37 3 25 11 22 36 6 -27 28 -2 49 -5 28 -47 37 43 -34 11 12 -36 2 6 -45 -42 -17 33 -10 -49 40 36 17 48 45 23 42 22 -22 35 -7 16 16 38
29 -38 5 34 43 -19 11 -6 34 36 32 -1 -31 21 28 -44 -49 32 -30 14 10 13 -29 -41 46 12 -9 -20 -8 -15 -44 14 -22 20 32 -2 1 -20 -40 8 6 23 7 -39
13 7 -10 -35 13 45 33 -48 -37 1 2 -46 21 20 -50 -39 27 29 31 -12 15 21 -24 33 35 8 -7 -4 -44 -22 8 -8 21 48 29 26 10 41 34 -4 41 7 -36 -38 47 34 -22 -50 -7 -5 31 -13 20 16
39 -37 -45 -29 13 -33 41 45 42 2 -37 -18 28 -25 -26 -35 0 -23 8 50 -26 41 -7
46 3 -45 31 36 25
48 7 8 34 25 14 -33
-50 17 44 -44 20 5 24 11 15 49 -28 38 24 -28 43 -34 -37 -1 34 26 27 -9 14 -1 3 27 38 47 -19 -15 0
-13 7 -33 -33 2 27 39 45 15 -12 39 20 -10 41 44 20 30 -23 -25 -24 29
-13 37 -6 36 -34 40 33 -28 14 19 38 31 -9 40 -36 47 -5 21 11 24 23 35 40 3 36 45 18 -14 4 -49 16 -37 -47 -2 -32 -44 35 -43 -25 -16 46 50 -30 -14 37
-32 -43 38 50 -13 -24 46 19 -46 -5 7 -37 28 36 44 21
-22 45 32 21 -1 -20 15 50 39 -14 38 35 -44 -2 -1 3 50 37 -10 20 -44 -49 45 -18 -25 29 49 6 -22 31 40 40 32 -3 46 25 19 44 27 -25 49 42 -26 -13 7 -28 37 -41 -27 -28 44 15 -35 -2 -45
-15 21 -17 -34 -30 24 -18 -50 -8 9 40 -31 -45 -31 -9 26 -44 49 30 28 34 -12 12 23 20 -5 -41
40 -10 17 -22 -27 16 -42 50 14 -30 3 19 18 1 -39 -6 -22 -23 34 -8 -8 -4 -13 -23 46 29 17 10 21 46 33 -49 -36 35 -6 7 -20 32 28 29 -19 -45 37 -9 -2 -36 -1 -18 19 42
-47 16 48 -3 15 15 7 12 -45 -13 33 -26 -9 15 -40 -38 -29 48
18 -50 30 -42 -24 35 30 49 -23 37 4 -37 -24 18 39 44 49 5 32 -41 45 37 -31 -47 8 41 -8 -46 -39 -41 -44 -28 -18 21
23 -21 -17 2
7 30 1 5 -10 -48 -1 36 -35 18 -50 32 42 29 -42 46 45 24 -45 39 -41 -5 14 -37
50 37 -12 27 -39 -14 47 6 -2 0 34 -47 10 -30 18 -22 -33 45
19 -13 31 -32 -12 36 43 32 -3 -49 20 21 -32 -35 -45 -50 23 26 0 18 20 -40 -11 -24 45
42 -6 -23 2 32 15 -32 -30 -27 -22 28 -18 -26 -36 -27 35 22 -44 46 20 9 32 20 -41 -13 35 -42 -18 -38 -25 42 24 12 -8 -5 -34 35 33 -20 -38 -14 29 -42 -26 -10 12 7
28 34 -11 38 24 -31 22 22 -4 -10 4 -29 -50 -10 -19 50 -22 41 44 32 5
-4 -33 36 43 -8 11 9 7 -5 49 -11 12 20 -37 -28 32 27
-15 -33 18 -25 -17
30 -41 43 -41 -48 14 30 -47 24 24 1 48 25 -23 -46 20 -17 19 19 10 33 49 -31 -4 0 -22 48 25 43 -13 -33 9 14 15 -39 0 -4 14 -49 34 -20 28 37 -29 46 15
7 -30 -28 22 22 34 -32 44
11 -5 -45 -22 47 12 -21 -42 -17 -3 -21 -45 35 -24 16 -4 -1 10 8 -45 -45 33 -9 -37 40 16 31 -15 44 -17 24 19 22 -28 -2 33 -2 -4 25 33 -41 16 -18 -2 -22 16
-5 -6 12 11 27 -50 14 -33 6 -29 -21 -41 15 32 -15 -23 -31 -27 -30 -4 27 41 -35 34 -21
-8 42 -36 11 36 11 11 -24 25 -30 32 2 -48 -19 -45 -34 23 25 -30 -33 30 15 -45 23 -32 -43
