3
0
0
10
372
20
72
414
138
49
156
307
839
517
732
784
780
794
29
0
22
246
154
240
6
488
684
598
1
4
518
323
684
330
74
642
18
80
45
491
117
765
21
114
852
401
59
326
474
531
12
192
797
312
180
720
27
399
803
59
331
51
26
417
182
509
122
42
689
13
681
554
65
2
675
648
650
224
127
282
272
92
140
810
183
1
604
413
960
448
507
373
233
279
4
456
57
18
719
315
273
782
533
271
166
802
45
88
1
264
4
221
30
102
707
53
254
742
359
455
615
582
302
754
383
411
17
763
3
196
812
241
839
878
33
13
35
155
54
139
532
101
320
40
63
5
0
185
50
463
379
386
690
29
5
1
95
54
23
2
478
434
80
451
885
723
126
506
286
93
68
411
817
54
686
433
245
904
23
2
393
522
251
771
390
857
263
24
24
238
428
5
42
751
25
197
246
10
962
813
